$ANSIBLE_VAULT;1.1;AES256
35633463643534373332363632323234343164636634303134346535376131643964623634663863
3164333765373635613233383230626530643432333761620a326639663738663238623137633732
66656162363764646466623032646561613838393735623235323466346338613065646631663663
6131383165313132630a356435313038393565366266313231323465363962616138616538613364
32383365376263383363373138363436633931386263373566323532313563366333373966313833
61643662356131623062656235636434343437373838353231663832363136396263343238636537
37363431636238373366313431343737623364366536373761343564643461303762366265323061
30643061623363303564373262633439376232346465363166633063653362663633616539323032
64646536313631386331373039333163653534353062353535613761633762363133613161653665
31303462643233663661303161326531386164386230336262323939353464356434623637613035
34633435623731316333356339363761383561303530666263623536616335666161323536643631
34343537366330636337376133643363303066626465313264393265336533323733656532366435
34356165333165363662666639396263366666303162393164653831666538633962623430353163
63346535613736326264303834653530316535386664616430356638646437663361363632663461
33313935616330666632323464303065646665616532316435386361663838383735323936626138
64346336353637313533383962643831306536663130306330616362386462333362616339636433
63373162333431616339313731613866393963326435626230646362316665353862393133303438
66303838303539393539333661366238663533613163353562376465643130373862666131626466
37656334626338393031393161343162316537306232343130366230646337376162343333353665
66356464666632366334393439656430343462376466386431623662333330343234626131323133
36623733373765366636393034376265373231613663336164333937663165646536376138383930
65616537633130386238313139623735656466623934383833653766386134623130383463333939
34336562373433383933653139646536303339393435636636373136663034333038646266373538
66333630636336626139353639333837373462306262653762636133383939616162383562633232
30393638643039613634643865623466326137323238623238383732663338323763333066626139
36363166386262623334363361623933343466666139393231656530636535643233646237333939
39333265646165633137623839316433623565613961303035343062373739306165623030316631
32303036316435663931613439313963303664316431653632316139343533373365333133363161
30643338333566393661663736653834386134396432656339306231376437396666646439663137
31653561323561613934306265636161626565366433656665333465383062376466306662383761
346131383233653036623737333631313732
